24.113731257286258
24.114350035373924
24.11589698061298
24.1162063696642
24.1162063696642
24.11589698061298
24.117134536824686
24.118062703995406
24.119609649302674
24.119919038367538
24.119300260238948
24.119609649302674
24.119919038367538
24.116825147770054
24.1162063696642
24.11404064632952
24.11404064632952
24.110946755948042
24.109090421773725
24.106924698622084
24.10414019750897
24.10352141949634
24.10135569648794
24.097643028603148
24.0951679167709
24.093620971912696
24.091764638120367
24.08898013750861
24.08774258171072
24.08372052549321
24.080626636225862
24.07784213598245
24.075985802538003
24.072273135771887
24.068560469169483
24.06701352480013
24.06299146957283
24.059278803379698
24.056803692675224
24.05247224911748
24.050925305043712
24.045975084198652
24.04380936267046
24.04164364119797
24.037312198420114
24.033290144611623
24.028958702263502
24.025555426289156
24.02153337304228
24.018748874753147
24.015654987873223
24.01194232376738
24.008848437137566
24.00730149386529
24.003279441490395
23.999257389307626
23.998019834828504
23.99306961709392
23.990594508335768
23.98502551389595
23.97976590837434
23.975434468779714
23.97264997201512
23.9686279212955
23.963677705288955
23.95779932415919
23.953158497241382
23.94913644745286
23.94604256313089
23.944805009433935
23.940164183232355
